# DESCRIPTION: Verilator output: Timestamp data for --skip-identical.  Delete at will.
C "-cc --exe VerifyTop.sv ClockGate.v LogPerfHelper.v ResetCounter.sv"
S  15381792     4419  1735253808   593850353  1735253808   593850353 "/usr/local/bin/verilator_bin"
S      5345   590068  1735253808   763850401  1735253808   763850401 "/usr/local/share/verilator/include/verilated_std.sv"
S      2787  1198007  1735253808   763850401  1735253808   763850401 "/usr/local/share/verilator/include/verilated_std_waiver.vlt"
S       511  1184671  1734964903    90624232  1734964903    90624232 "ClockGate.v"
S       461  1184667  1734967558    20634384  1734967558    20634384 "LogPerfHelper.v"
S       412  1184672  1734964903   120624232  1734964903   120624232 "ResetCounter.sv"
S  12518862  1184666  1734964895   280624240  1734964895   280624240 "VerifyTop.sv"
T      7730  1184873  1735392455   385732795  1735392455   385732795 "obj_dir/VVerifyTop.cpp"
T      6867  1184872  1735392455   385732795  1735392455   385732795 "obj_dir/VVerifyTop.h"
T      1875  1184960  1735392455   725732811  1735392455   725732811 "obj_dir/VVerifyTop.mk"
T     12761  1184880  1735392455   405732796  1735392455   405732796 "obj_dir/VVerifyTop_GrantBuffer.h"
T     12668  1184885  1735392455   405732796  1735392455   405732796 "obj_dir/VVerifyTop_GrantBuffer_2.h"
T    169670  1184947  1735392455   665732808  1735392455   665732808 "obj_dir/VVerifyTop_GrantBuffer_2__DepSet_h245dbe3c__0.cpp"
T     38202  1184946  1735392455   665732808  1735392455   665732808 "obj_dir/VVerifyTop_GrantBuffer_2__DepSet_h245dbe3c__0__Slow.cpp"
T     15774  1184945  1735392455   665732808  1735392455   665732808 "obj_dir/VVerifyTop_GrantBuffer_2__DepSet_h91bc49c8__0__Slow.cpp"
T       734  1184944  1735392455   655732807  1735392455   655732807 "obj_dir/VVerifyTop_GrantBuffer_2__Slow.cpp"
T     15669  1184923  1735392455   625732806  1735392455   625732806 "obj_dir/VVerifyTop_GrantBuffer__DepSet_h01c4482a__0__Slow.cpp"
T    151670  1184925  1735392455   635732806  1735392455   635732806 "obj_dir/VVerifyTop_GrantBuffer__DepSet_h9227d826__0.cpp"
T     48614  1184924  1735392455   625732806  1735392455   625732806 "obj_dir/VVerifyTop_GrantBuffer__DepSet_h9227d826__0__Slow.cpp"
T       716  1184922  1735392455   625732806  1735392455   625732806 "obj_dir/VVerifyTop_GrantBuffer__Slow.cpp"
T     14018  1184887  1735392455   405732796  1735392455   405732796 "obj_dir/VVerifyTop_MSHR.h"
T     24088  1184878  1735392455   395732796  1735392455   395732796 "obj_dir/VVerifyTop_MSHRCtl.h"
T     29210  1184915  1735392455   615732806  1735392455   615732806 "obj_dir/VVerifyTop_MSHRCtl__DepSet_h2864d122__0__Slow.cpp"
T    129520  1184917  1735392455   625732806  1735392455   625732806 "obj_dir/VVerifyTop_MSHRCtl__DepSet_h6dc92168__0.cpp"
T     51369  1184916  1735392455   625732806  1735392455   625732806 "obj_dir/VVerifyTop_MSHRCtl__DepSet_h9a67137a__0.cpp"
T     80809  1184914  1735392455   615732806  1735392455   615732806 "obj_dir/VVerifyTop_MSHRCtl__DepSet_h9a67137a__0__Slow.cpp"
T       680  1184913  1735392455   615732806  1735392455   615732806 "obj_dir/VVerifyTop_MSHRCtl__Slow.cpp"
T     22012  1184886  1735392455   405732796  1735392455   405732796 "obj_dir/VVerifyTop_MSHR_16.h"
T    549578  1184952  1735392455   695732809  1735392455   695732809 "obj_dir/VVerifyTop_MSHR_16__DepSet_h94b6fc8f__0.cpp"
T    543898  1184950  1735392455   675732808  1735392455   675732808 "obj_dir/VVerifyTop_MSHR_16__DepSet_h94b6fc8f__0__Slow.cpp"
T    569816  1184953  1735392455   715732810  1735392455   715732810 "obj_dir/VVerifyTop_MSHR_16__DepSet_h94b6fc8f__1.cpp"
T    203421  1184951  1735392455   675732808  1735392455   675732808 "obj_dir/VVerifyTop_MSHR_16__DepSet_h94b6fc8f__1__Slow.cpp"
T     16705  1184954  1735392455   715732810  1735392455   715732810 "obj_dir/VVerifyTop_MSHR_16__DepSet_h94b6fc8f__2.cpp"
T     27239  1184949  1735392455   665732808  1735392455   665732808 "obj_dir/VVerifyTop_MSHR_16__DepSet_h96e914be__0__Slow.cpp"
T       680  1184948  1735392455   665732808  1735392455   665732808 "obj_dir/VVerifyTop_MSHR_16__Slow.cpp"
T     16871  1184956  1735392455   715732810  1735392455   715732810 "obj_dir/VVerifyTop_MSHR__DepSet_h56cbdb46__0__Slow.cpp"
T    358635  1184958  1735392455   725732811  1735392455   725732811 "obj_dir/VVerifyTop_MSHR__DepSet_hbdc1e095__0.cpp"
T    162839  1184957  1735392455   715732810  1735392455   715732810 "obj_dir/VVerifyTop_MSHR__DepSet_hbdc1e095__0__Slow.cpp"
T       653  1184955  1735392455   715732810  1735392455   715732810 "obj_dir/VVerifyTop_MSHR__Slow.cpp"
T     27454  1184877  1735392455   395732796  1735392455   395732796 "obj_dir/VVerifyTop_MainPipe.h"
T     24421  1184883  1735392455   405732796  1735392455   405732796 "obj_dir/VVerifyTop_MainPipe_2.h"
T    227991  1184939  1735392455   655732807  1735392455   655732807 "obj_dir/VVerifyTop_MainPipe_2__DepSet_h27054e82__0.cpp"
T    111751  1184938  1735392455   655732807  1735392455   655732807 "obj_dir/VVerifyTop_MainPipe_2__DepSet_h27054e82__0__Slow.cpp"
T     29877  1184937  1735392455   655732807  1735392455   655732807 "obj_dir/VVerifyTop_MainPipe_2__DepSet_hfde41f5a__0__Slow.cpp"
T       707  1184936  1735392455   655732807  1735392455   655732807 "obj_dir/VVerifyTop_MainPipe_2__Slow.cpp"
T    260188  1184912  1735392455   615732806  1735392455   615732806 "obj_dir/VVerifyTop_MainPipe__DepSet_h5f18c716__0.cpp"
T    123107  1184911  1735392455   605732805  1735392455   605732805 "obj_dir/VVerifyTop_MainPipe__DepSet_h5f18c716__0__Slow.cpp"
T     33693  1184910  1735392455   605732805  1735392455   605732805 "obj_dir/VVerifyTop_MainPipe__DepSet_ha2cb0245__0__Slow.cpp"
T       689  1184909  1735392455   605732805  1735392455   605732805 "obj_dir/VVerifyTop_MainPipe__Slow.cpp"
T     35324  1184875  1735392455   395732796  1735392455   395732796 "obj_dir/VVerifyTop_RequestArb.h"
T     33219  1184881  1735392455   405732796  1735392455   405732796 "obj_dir/VVerifyTop_RequestArb_2.h"
T     40970  1184927  1735392455   635732806  1735392455   635732806 "obj_dir/VVerifyTop_RequestArb_2__DepSet_h142bcb9b__0__Slow.cpp"
T    427833  1184929  1735392455   635732806  1735392455   635732806 "obj_dir/VVerifyTop_RequestArb_2__DepSet_h267586b3__0.cpp"
T     75837  1184928  1735392455   635732806  1735392455   635732806 "obj_dir/VVerifyTop_RequestArb_2__DepSet_h267586b3__0__Slow.cpp"
T       725  1184926  1735392455   635732806  1735392455   635732806 "obj_dir/VVerifyTop_RequestArb_2__Slow.cpp"
T     47663  1184901  1735392455   565732803  1735392455   565732803 "obj_dir/VVerifyTop_RequestArb__DepSet_hc36b3a3f__0__Slow.cpp"
T    496727  1184903  1735392455   585732804  1735392455   585732804 "obj_dir/VVerifyTop_RequestArb__DepSet_hed62ebee__0.cpp"
T     69367  1184902  1735392455   575732804  1735392455   575732804 "obj_dir/VVerifyTop_RequestArb__DepSet_hed62ebee__0__Slow.cpp"
T       707  1184900  1735392455   565732803  1735392455   565732803 "obj_dir/VVerifyTop_RequestArb__Slow.cpp"
T     36324  1184876  1735392455   395732796  1735392455   395732796 "obj_dir/VVerifyTop_RequestBuffer.h"
T     35590  1184882  1735392455   405732796  1735392455   405732796 "obj_dir/VVerifyTop_RequestBuffer_2.h"
T    504328  1184934  1735392455   655732807  1735392455   655732807 "obj_dir/VVerifyTop_RequestBuffer_2__DepSet_h93a9c004__0.cpp"
T    132614  1184932  1735392455   645732807  1735392455   645732807 "obj_dir/VVerifyTop_RequestBuffer_2__DepSet_h93a9c004__0__Slow.cpp"
T      4674  1184933  1735392455   645732807  1735392455   645732807 "obj_dir/VVerifyTop_RequestBuffer_2__DepSet_hec86b552__0.cpp"
T     45322  1184931  1735392455   635732806  1735392455   635732806 "obj_dir/VVerifyTop_RequestBuffer_2__DepSet_hec86b552__0__Slow.cpp"
T       752  1184930  1735392455   635732806  1735392455   635732806 "obj_dir/VVerifyTop_RequestBuffer_2__Slow.cpp"
T     46863  1184905  1735392455   585732804  1735392455   585732804 "obj_dir/VVerifyTop_RequestBuffer__DepSet_h71872468__0__Slow.cpp"
T    481155  1184907  1735392455   605732805  1735392455   605732805 "obj_dir/VVerifyTop_RequestBuffer__DepSet_hd10c72f4__0.cpp"
T    131278  1184906  1735392455   585732804  1735392455   585732804 "obj_dir/VVerifyTop_RequestBuffer__DepSet_hd10c72f4__0__Slow.cpp"
T     46141  1184908  1735392455   605732805  1735392455   605732805 "obj_dir/VVerifyTop_RequestBuffer__DepSet_hd10c72f4__1.cpp"
T       734  1184904  1735392455   585732804  1735392455   585732804 "obj_dir/VVerifyTop_RequestBuffer__Slow.cpp"
T      8033  1184879  1735392455   405732796  1735392455   405732796 "obj_dir/VVerifyTop_SinkC.h"
T      9648  1184884  1735392455   405732796  1735392455   405732796 "obj_dir/VVerifyTop_SinkC_2.h"
T    127740  1184943  1735392455   655732807  1735392455   655732807 "obj_dir/VVerifyTop_SinkC_2__DepSet_h6af5161b__0.cpp"
T     68016  1184942  1735392455   655732807  1735392455   655732807 "obj_dir/VVerifyTop_SinkC_2__DepSet_h6af5161b__0__Slow.cpp"
T     11861  1184941  1735392455   655732807  1735392455   655732807 "obj_dir/VVerifyTop_SinkC_2__DepSet_h8e7a414e__0__Slow.cpp"
T       680  1184940  1735392455   655732807  1735392455   655732807 "obj_dir/VVerifyTop_SinkC_2__Slow.cpp"
T     56182  1184921  1735392455   625732806  1735392455   625732806 "obj_dir/VVerifyTop_SinkC__DepSet_h41c17ac8__0.cpp"
T      7588  1184920  1735392455   625732806  1735392455   625732806 "obj_dir/VVerifyTop_SinkC__DepSet_h41c17ac8__0__Slow.cpp"
T     19543  1184919  1735392455   625732806  1735392455   625732806 "obj_dir/VVerifyTop_SinkC__DepSet_hf1474fb8__0__Slow.cpp"
T       662  1184918  1735392455   625732806  1735392455   625732806 "obj_dir/VVerifyTop_SinkC__Slow.cpp"
T     15389  1184870  1735392455   375732795  1735392455   375732795 "obj_dir/VVerifyTop__Syms.cpp"
T      5163  1184871  1735392455   375732795  1735392455   375732795 "obj_dir/VVerifyTop__Syms.h"
T   1009960  1184874  1735392455   395732796  1735392455   395732796 "obj_dir/VVerifyTop___024root.h"
T   1593909  1184893  1735392455   505732801  1735392455   505732801 "obj_dir/VVerifyTop___024root__DepSet_h6396dfea__0.cpp"
T    902904  1184889  1735392455   425732797  1735392455   425732797 "obj_dir/VVerifyTop___024root__DepSet_h6396dfea__0__Slow.cpp"
T   1187606  1184894  1735392455   525732802  1735392455   525732802 "obj_dir/VVerifyTop___024root__DepSet_h6396dfea__1.cpp"
T   1122360  1184890  1735392455   435732798  1735392455   435732798 "obj_dir/VVerifyTop___024root__DepSet_h6396dfea__1__Slow.cpp"
T    914437  1184895  1735392455   535732802  1735392455   535732802 "obj_dir/VVerifyTop___024root__DepSet_h6396dfea__2.cpp"
T    123675  1184891  1735392455   435732798  1735392455   435732798 "obj_dir/VVerifyTop___024root__DepSet_h6396dfea__2__Slow.cpp"
T    929341  1184896  1735392455   555732803  1735392455   555732803 "obj_dir/VVerifyTop___024root__DepSet_h6396dfea__3.cpp"
T    868342  1184897  1735392455   565732803  1735392455   565732803 "obj_dir/VVerifyTop___024root__DepSet_h6396dfea__4.cpp"
T     91909  1184898  1735392455   565732803  1735392455   565732803 "obj_dir/VVerifyTop___024root__DepSet_h6396dfea__5.cpp"
T     23294  1184899  1735392455   565732803  1735392455   565732803 "obj_dir/VVerifyTop___024root__DepSet_ha141af08__0.cpp"
T   1099754  1184892  1735392455   455732798  1735392455   455732798 "obj_dir/VVerifyTop___024root__DepSet_ha141af08__0__Slow.cpp"
T       698  1184888  1735392455   405732796  1735392455   405732796 "obj_dir/VVerifyTop___024root__Slow.cpp"
T       776  1196392  1735392455   385732795  1735392455   385732795 "obj_dir/VVerifyTop__pch.h"
T      4652  1184961  1735392455   725732811  1735392455   725732811 "obj_dir/VVerifyTop__ver.d"
T         0        0  1735392455   725732811  1735392455   725732811 "obj_dir/VVerifyTop__verFiles.dat"
T      4595  1184959  1735392455   725732811  1735392455   725732811 "obj_dir/VVerifyTop_classes.mk"
